
PrG: [0.9738515929686477, 0.6364360007606059, 0.5049027369946135]
SFG: [0.7486310993372031, 0.5187010730054112, -0.14782334197700084]
FRP: [1.179161524538898, 0.7702930188943133, 0.8431116577033247]
TrIFG: [1.1488171262391376, 0.7998312799933558, 0.6741225040740216]
MFG: [0.8041987167903178, 0.4788169860939849, 0.33426473405136714]
OpIFG: [1.0042698069532656, 0.6051574068978312, 0.6795153639616089]
OrIFG: [0.8350439627083005, 0.444292770821122, 0.5220997878621301]

SCA: [1.0013614504088493, 0.8781101427838793, 0.3453861080768908]
SMC: [0.8907681134434156, 0.9159981739113323, 0.29977223318881696]
GRe: [0.727000672585657, 0.7513939752632529, -0.38543076541398563]
MFC: [0.5698585265808678, 0.5933213897923312, -1.0391876215786968]
MPrG: [0.6708396378255885, 0.5579305227766591, -0.8902781649602246]
MSFG: [0.8330920775461423, 0.7146966922861049, -0.15944205511338966]

PIns: [0.43849905530044025, 0.6230751968780527, -0.605119183698219]
AIns: [0.5955006416787589, 0.7825254293153194, 0.14536665522446765]
AOrG: [0.1958162193364228, 0.8200812925775075, 0.5814153866939935]
CO: [0.7581094199895766, 0.9483499173970561, 0.4086121925890068]
PO: [-0.5464362184476572, 0.6598259776436, 0.42113798820085774]
FO: [0.4309357205270998, 0.8060753328006548, 0.3955874739714524]
LOrG: [0.24447039301723694, 0.6457790588715251, 0.1910097106178796]
POrG: [0.6054425538957442, 0.9726782902537875, 0.5752077841732436]
MOrG: [0.4405574473912504, 0.9867393877567748, 0.7459495809437788]

PP: [-0.48736473025191596, 0.8109855506997752, 0.8753071793289147]
PT: [-1.3235727829456834, 0.6532757662674642, 0.715530943950462]
FuG: [0.24176526663230435, 0.7844487717153745, 0.980425159726264]
ITG: [-0.5710549944827995, 0.6280701724979657, 0.8182275408081112]
TMP: [-0.5019297686780388, 0.8224188183551813, 0.7406836887452879]
STG: [-1.2625112572374584, 0.663142986213488, 0.5835257720037719]
TTG: [0.3034206864614539, 0.988374359006526, 0.9045509890870312]
MTG: [0.3190139883904313, 0.9757524582871674, 1.0420433277748784]

AnG: [0.6923051827703351, 0.693332406411146, 1.0726780971026166]
SMG: [0.8567706357432192, 0.8577592655803743, 1.2438975604082159]
SPL: [0.5003931855474972, 0.7436517332537296, 1.0485566928331354]
PoG: [0.5336103373683254, 0.5347094439536343, 0.9096497217757382]
MPoG: [0.6786560236885183, 0.9070619025791231, 1.219546951569453]
PCu: [0.309816206536211, 0.5872424852478557, 0.8853896546740504]

Calc: [0.8285143781393474, 0.4236271923310375, 0.7133544414950086]
Cun: [1.1046868144338104, 0.772830563831756, 1.1489580637823245]
SOG: [1.0015343480500665, 0.8093305029966196, 1.2197310210467252]
IOG: [0.8380484805332858, 0.6429724289433754, 1.0493333375000817]
LiG: [0.9378112528270508, 0.6049507181022133, 0.9803704959698986]
MOG: [0.6826257143427348, 0.48043542263710853, 0.8870383054938082]
OCP: [0.9928481594717188, 0.5892154376320204, 0.8720580622000357]
OFuG: [0.7787147637782968, 0.43918089241434477, 0.8194602753988851]

ACgG: [1.007414286305224, 0.5977782303822265, 0.7321066308937614]
MCgG: [0.9872899813153772, 0.6248135187645857, 0.5660130047479232]
PHG: [0.8174333495596017, 0.4663065423242903, 0.40320358492772274]
PCgG: [1.1817178768310725, 0.7636347286752682, 0.8958172195331061]
Ent: [0.8390038564224268, 0.4355714887347013, 0.5750900210980924]
